598 643
179 998
96 352
480 732
911 360
479 227
479 589
31 786
94 876
489 839
153 879
420 18
393 836
450 708
989 945
868 897
786 831
57 232
585 335
582 362
732 565
425 791
788 509
111 820
8 930
656 435
144 146
281 459
591 42
728 580
438 578
740 698
956 839
617 537
77 453
15 65
236 754
187 9
371 474
92 800
635 11
850 723
939 376
48 637
673 165
640 646
640 445
987 308
29 157
434 443
519 381
338 716
334 381
489 359
952 332
470 992
891 53
172 827
317 514
282 799
422 916
969 498
199 877
76 595
251 847
119 862
760 106
864 604
174 472
465 521
27 482
293 106
492 847
43 49
867 0
521 169
133 919
681 149
967 174
802 884
319 286
532 814
744 919
26 638
177 425
815 575
204 800
254 533
277 73
98 365
380 146
481 517
683 482
115 785
983 429
184 598
22 946
933 881
597 785
269 396
